{
    "fiducials": [
        {
            "family": "apriltag3_36h11_classic",
            "id": 1,
            "size": 165.1,
            "transform": [
                -0.7979632314062706,
                -0.6026315114697207,
                0.009483812913694331,
                7.954785022890528,
                0.6020137301632797,
                -0.7961937937880801,
                0.0604558634727631,
                -4.249452317190069,
                -0.028881655398467633,
                0.05395094176252619,
                0.9981258166505768,
                1.6616839586178442,
                0.0,
                0.0,
                0.0,
                1.0
            ],
            "unique": true
        },
        {
            "family": "apriltag3_36h11_classic",
            "id": 2,
            "size": 165.1,
            "transform": [
                -0.9950999516756929,
                0.009249237046339244,
                -0.09844052919958103,
                6.08910756061349,
                -0.005238568946160193,
                -0.9991485783535246,
                -0.04092280256197525,
                2.994014946635298,
                -0.0987352195036263,
                -0.040206591352547005,
                0.9943011548023969,
                1.6462435078624016,
                0.0,
                0.0,
                0.0,
                1.0
            ],
            "unique": true
        },
        {
            "family": "apriltag3_36h11_classic",
            "id": 3,
            "size": 165.1,
            "transform": [
                -0.9918687641658397,
                -0.003201371388635972,
                0.12722462769983373,
                1.3764275022715697,
                0.08842492168102578,
                -0.7363017355144541,
                0.6708507937716903,
                3.1756839439965603,
                0.09152807163834348,
                0.6766457754982547,
                0.730597773472197,
                -1.184712483685467,
                0.0,
                0.0,
                0.0,
                1.0
            ],
            "unique": true
        },
        {
            "family": "apriltag3_36h11_classic",
            "id": 4,
            "size": 165.1,
            "transform": [
                0.8660254037844387,
                0.0,
                0.49999999999999994,
                0.5020799999999994,
                0.0,
                1.0,
                0.0,
                2.111656,
                -0.49999999999999994,
                0.0,
                0.8660254037844387,
                1.8679160000000001,
                0.0,
                0.0,
                0.0,
                1.0
            ],
            "unique": true
        },
        {
            "family": "apriltag3_36h11_classic",
            "id": 5,
            "size": 165.1,
            "transform": [
                0.8431628922198389,
                0.22944599852389055,
                0.486241576734087,
                0.3010217604714214,
                -0.116905668162011,
                0.9609696246105217,
                -0.25073979605859675,
                -1.3589261034869833,
                -0.5247946283405253,
                0.1545700952231308,
                0.8370774657865556,
                1.6022127408057378,
                0.0,
                0.0,
                0.0,
                1.0
            ],
            "unique": true
        },
        {
            "family": "apriltag3_36h11_classic",
            "id": 6,
            "size": 165.1,
            "transform": [
                0.11926217910646164,
                0.9837415762409708,
                -0.13427227491075097,
                4.260449683511357,
                -0.9826926048347592,
                0.136263227399417,
                0.12548935118873736,
                -1.0558077091798221,
                0.14174546566946591,
                0.11698223811170994,
                0.9829666214722255,
                0.5266841205421657,
                0.0,
                0.0,
                0.0,
                1.0
            ],
            "unique": true
        },
        {
            "family": "apriltag3_36h11_classic",
            "id": 7,
            "size": 165.1,
            "transform": [
                0.9407947268145509,
                0.3357928200501776,
                -0.04635152641158378,
                5.001777076092489,
                -0.3309893259980328,
                0.9395067392138474,
                0.08816548671181794,
                -0.5688296864253299,
                0.0731529088505894,
                -0.06760376449956655,
                0.995026825242508,
                0.5628826270091006,
                0.0,
                0.0,
                0.0,
                1.0
            ],
            "unique": true
        },
        {
            "family": "apriltag3_36h11_classic",
            "id": 8,
            "size": 165.1,
            "transform": [
                0.7690652544474024,
                -0.6387246315553988,
                -0.02386376848220317,
                4.877381521954879,
                0.6371864750676101,
                0.7632044886444002,
                0.10729540765547023,
                0.26649813634399866,
                -0.05031928450073833,
                -0.09772284051059653,
                0.9939407507743478,
                0.4949880741780758,
                0.0,
                0.0,
                0.0,
                1.0
            ],
            "unique": true
        },
        {
            "family": "apriltag3_36h11_classic",
            "id": 9,
            "size": 165.1,
            "transform": [
                -0.4999999999999998,
                -0.8660254037844388,
                0.0,
                3.869358,
                0.8660254037844388,
                -0.4999999999999998,
                0.0,
                0.7194820000000002,
                0.0,
                0.0,
                1.0,
                0.308102,
                0.0,
                0.0,
                0.0,
                1.0
            ],
            "unique": true
        },
        {
            "family": "apriltag3_36h11_classic",
            "id": 10,
            "size": 165.1,
            "transform": [
                -0.9677576525510387,
                -0.25100325671716744,
                -0.021035471144679373,
                3.668242157736742,
                0.24638055865724087,
                -0.9606700723087416,
                0.12810008776758525,
                -0.015960129741922735,
                -0.052361686801026465,
                0.11878710909729596,
                0.991538136668307,
                0.29628133520636624,
                0.0,
                0.0,
                0.0,
                1.0
            ],
            "unique": true
        },
        {
            "family": "apriltag3_36h11_classic",
            "id": 11,
            "size": 165.1,
            "transform": [
                -0.8003022070632106,
                0.5936309150359519,
                -0.08437247230781267,
                3.648653199030557,
                -0.599242946023674,
                -0.787037658882686,
                0.1465592547106091,
                -0.7845198879056197,
                0.0205977914015609,
                0.16785130387947422,
                0.9855971138225488,
                0.38736343427347625,
                0.0,
                0.0,
                0.0,
                1.0
            ],
            "unique": true
        },
        {
            "family": "apriltag3_36h11_classic",
            "id": 12,
            "size": 165.1,
            "transform": [
                0.5877852522924731,
                -0.8090169943749473,
                0.0,
                -7.922845999999999,
                0.8090169943749473,
                0.5877852522924731,
                0.0,
                -3.3706799999999997,
                0.0,
                0.0,
                1.0,
                1.4859,
                0.0,
                0.0,
                0.0,
                1.0
            ],
            "unique": true
        },
        {
            "family": "apriltag3_36h11_classic",
            "id": 13,
            "size": 165.1,
            "transform": [
                0.587785252292473,
                0.8090169943749475,
                -0.0,
                -7.922845999999999,
                -0.8090169943749475,
                0.587785252292473,
                0.0,
                3.3704799999999997,
                0.0,
                0.0,
                1.0,
                1.4859,
                0.0,
                0.0,
                0.0,
                1.0
            ],
            "unique": true
        },
        {
            "family": "apriltag3_36h11_classic",
            "id": 14,
            "size": 165.1,
            "transform": [
                -0.8660254037844388,
                -1.2246467991473532e-16,
                -0.49999999999999994,
                -0.501728,
                1.0605752387249069e-16,
                -1.0,
                6.123233995736766e-17,
                2.111656,
                -0.49999999999999994,
                0.0,
                0.8660254037844387,
                1.8679160000000001,
                0.0,
                0.0,
                0.0,
                1.0
            ],
            "unique": true
        },
        {
            "family": "apriltag3_36h11_classic",
            "id": 15,
            "size": 165.1,
            "transform": [
                -0.8699942277007302,
                -0.4836120374862002,
                -0.09606997952459408,
                -1.0067380600556834,
                0.4855602393412769,
                -0.8741961653458779,
                0.0035097671438657878,
                -0.24805000102622632,
                -0.0856813733448042,
                -0.043594285095736554,
                0.995368394399149,
                1.669633727519134,
                0.0,
                0.0,
                0.0,
                1.0
            ],
            "unique": true
        },
        {
            "family": "apriltag3_36h11_classic",
            "id": 16,
            "size": 165.1,
            "transform": [
                -2.220446049250313e-16,
                -1.0000000000000002,
                0.0,
                -2.7864579999999997,
                1.0000000000000002,
                -2.220446049250313e-16,
                0.0,
                -4.0298099999999994,
                0.0,
                0.0,
                1.0,
                1.30175,
                0.0,
                0.0,
                0.0,
                1.0
            ],
            "unique": true
        },
        {
            "family": "apriltag3_36h11_classic",
            "id": 17,
            "size": 165.1,
            "transform": [
                -0.792254923431273,
                0.6005682796073173,
                -0.10793459977419415,
                -4.037612499651896,
                -0.606973577990962,
                -0.7937902051225167,
                0.038473183809024286,
                2.138590830928848,
                -0.0625716542833725,
                0.09599401950674091,
                0.9934132756809633,
                -0.408426776301164,
                0.0,
                0.0,
                0.0,
                1.0
            ],
            "unique": true
        },
        {
            "family": "apriltag3_36h11_classic",
            "id": 18,
            "size": 165.1,
            "transform": [
                -0.9612722434815142,
                -0.2711946279647657,
                -0.049083069128457855,
                -4.223289165198022,
                0.26752678657774087,
                -0.9609860120162934,
                0.07025171294999612,
                2.6431506605539496,
                -0.06622003001663845,
                0.054399985956552654,
                0.9963210070818151,
                -0.08859915817126196,
                0.0,
                0.0,
                0.0,
                1.0
            ],
            "unique": true
        },
        {
            "family": "apriltag3_36h11_classic",
            "id": 19,
            "size": 165.1,
            "transform": [
                -0.3968560703690527,
                -0.9170053028284023,
                0.04008159173266476,
                -3.7515756842325167,
                0.916868548175099,
                -0.39809054761643137,
                -0.0295969806861501,
                2.7647734518534364,
                0.043096691039104185,
                0.025003809370581113,
                0.9987579710512651,
                0.2803824918880494,
                0.0,
                0.0,
                0.0,
                1.0
            ],
            "unique": true
        },
        {
            "family": "apriltag3_36h11_classic",
            "id": 20,
            "size": 165.1,
            "transform": [
                0.6858654458160054,
                -0.7275378177494959,
                -0.016652746917953508,
                -2.888338089195429,
                0.7227295623763069,
                0.6836533512293508,
                -0.1013907048019172,
                2.7134455816210243,
                0.08515027834930333,
                0.057504948458190014,
                0.9947072991588315,
                0.1394962602150877,
                0.0,
                0.0,
                0.0,
                1.0
            ],
            "unique": true
        },
        {
            "family": "apriltag3_36h11_classic",
            "id": 21,
            "size": 165.1,
            "transform": [
                0.9682929290003219,
                0.24582993029479222,
                -0.04445727183752057,
                -2.6046700642890723,
                -0.24960786646516125,
                0.9593268423458672,
                -0.13186327219289665,
                1.9287896034401957,
                0.010233115199577456,
                0.13877915883145178,
                0.9902704824578721,
                0.025476888342789716,
                0.0,
                0.0,
                0.0,
                1.0
            ],
            "unique": true
        },
        {
            "family": "apriltag3_36h11_classic",
            "id": 22,
            "size": 165.1,
            "transform": [
                0.17624860825436928,
                0.9799529047045603,
                -0.0928909718406105,
                -3.260502371363006,
                -0.9835676925705354,
                0.17157220580394572,
                -0.056192279959450725,
                1.592647676278057,
                -0.039128279030269816,
                0.10126836997139693,
                0.9940893797961357,
                -0.22385138791228798,
                0.0,
                0.0,
                0.0,
                1.0
            ],
            "unique": true
        }
    ],
    "type": "frc"
}
