{
    "fiducials": [
        {
            "family": "apriltag3_36h11_classic",
            "id": 1,
            "size": 165.1,
            "transform": [
                -0.7609718806571146,
                -0.41042074054543065,
                0.5024705091637858,
                5.722607736323576,
                0.44500940928436916,
                -0.8937678998204701,
                -0.056085353693121086,
                -3.814570886739137,
                0.47211060409352235,
                0.18092472738861873,
                0.8627733309055186,
                -2.2053326803813516,
                0.0,
                0.0,
                0.0,
                1.0
            ],
            "unique": true
        },
        {
            "family": "apriltag3_36h11_classic",
            "id": 2,
            "size": 165.1,
            "transform": [
                -0.19198523191640016,
                0.8275645740963837,
                0.5275211336303771,
                6.938858854869823,
                -0.9466708940839781,
                -0.297887373364196,
                0.12278978412076078,
                -0.5568020143109957,
                0.25875836029054,
                -0.4758150780406736,
                0.8406212717323414,
                -1.953490500376593,
                0.0,
                0.0,
                0.0,
                1.0
            ],
            "unique": true
        },
        {
            "family": "apriltag3_36h11_classic",
            "id": 3,
            "size": 165.1,
            "transform": [
                -0.30857092851885737,
                0.8208959932451148,
                0.48053485861811457,
                2.5998436614854903,
                -0.924012512684016,
                -0.37861036676594395,
                0.053432823065356294,
                1.8727548694059664,
                0.22579826942735032,
                -0.42753240631732087,
                0.8753463217904873,
                0.11570106505316202,
                0.0,
                0.0,
                0.0,
                1.0
            ],
            "unique": true
        },
        {
            "family": "apriltag3_36h11_classic",
            "id": 4,
            "size": 165.1,
            "transform": [
                0.8660254037844387,
                0.0,
                0.4999999999999999,
                0.5020799999999994,
                0.0,
                1.0,
                0.0,
                2.111656,
                -0.4999999999999999,
                0.0,
                0.8660254037844387,
                1.8679160000000001,
                0.0,
                0.0,
                0.0,
                1.0
            ],
            "unique": true
        },
        {
            "family": "apriltag3_36h11_classic",
            "id": 5,
            "size": 165.1,
            "transform": [
                0.5338795841214129,
                0.2846886927826209,
                0.7961940327960702,
                -1.0937890615486676,
                -0.40211991143560954,
                0.9138044989094977,
                -0.05710441839104499,
                -1.984957570370022,
                -0.7438226713978036,
                -0.28967859081141023,
                0.6023405577745458,
                2.82799906070579,
                0.0,
                0.0,
                0.0,
                1.0
            ],
            "unique": true
        },
        {
            "family": "apriltag3_36h11_classic",
            "id": 6,
            "size": 165.1,
            "transform": [
                0.09737733998971121,
                0.8800476441179782,
                0.46479436070043456,
                1.999380203337731,
                -0.9951860943061085,
                0.08091144510175108,
                0.05529896700030584,
                -2.9380097256119644,
                0.011058542231359991,
                -0.4679417507916384,
                0.8836901190517938,
                -0.8689920177567902,
                0.0,
                0.0,
                0.0,
                1.0
            ],
            "unique": true
        },
        {
            "family": "apriltag3_36h11_classic",
            "id": 7,
            "size": 165.1,
            "transform": [
                0.8667321868382054,
                0.307766766991821,
                0.3924983228423584,
                2.543168381634345,
                -0.37115868376726363,
                0.9236614656805593,
                0.09534531074464789,
                -2.0994344286488413,
                -0.3331914581180233,
                -0.22831801057350518,
                0.9147974301914836,
                -1.0312959262863144,
                0.0,
                0.0,
                0.0,
                1.0
            ],
            "unique": true
        },
        {
            "family": "apriltag3_36h11_classic",
            "id": 8,
            "size": 165.1,
            "transform": [
                0.6964521978243344,
                -0.5267539980982111,
                0.4873238775529103,
                2.2613652038094525,
                0.5368190589888794,
                0.8330977014229549,
                0.13331735742236714,
                -1.3867002377395092,
                -0.4762138532759712,
                0.16875557878582517,
                0.8629843107361297,
                -0.9873313364484284,
                0.0,
                0.0,
                0.0,
                1.0
            ],
            "unique": true
        },
        {
            "family": "apriltag3_36h11_classic",
            "id": 9,
            "size": 165.1,
            "transform": [
                -0.07605099776877133,
                -0.8635938589363421,
                0.49841939423121556,
                1.28883120397726,
                0.9898558255596446,
                -0.12555092725575867,
                -0.06650119751443423,
                -1.2066881579868936,
                0.12000704289336078,
                0.48830585852788694,
                0.8643816854742667,
                -0.8562908494497359,
                0.0,
                0.0,
                0.0,
                1.0
            ],
            "unique": true
        },
        {
            "family": "apriltag3_36h11_classic",
            "id": 10,
            "size": 165.1,
            "transform": [
                -0.7547253685030983,
                -0.3816028892052677,
                0.5336373797702489,
                1.0468271712750283,
                0.41424030566181175,
                -0.9079556462614065,
                -0.06341540496790429,
                -1.832899758877708,
                0.5087185737744135,
                0.17319289642542135,
                0.843332457174927,
                -0.6903314844178432,
                0.0,
                0.0,
                0.0,
                1.0
            ],
            "unique": true
        },
        {
            "family": "apriltag3_36h11_classic",
            "id": 11,
            "size": 165.1,
            "transform": [
                -0.45738767723927154,
                0.7224187674928177,
                0.5185630502492647,
                1.2464630877665783,
                -0.8613533704741261,
                -0.5048654860641633,
                -0.05640223536402014,
                -2.636206313351585,
                0.2210585530634951,
                -0.47246371855979985,
                0.8531770922628666,
                -0.8444476809015322,
                0.0,
                0.0,
                0.0,
                1.0
            ],
            "unique": true
        },
        {
            "family": "apriltag3_36h11_classic",
            "id": 12,
            "size": 165.1,
            "transform": [
                0.7734285772624999,
                -0.5775029451110236,
                0.26133997830756633,
                -8.594690381811871,
                0.625010802302681,
                0.7635131023623936,
                -0.1625091982809344,
                -1.2100644146548087,
                -0.10568695699405972,
                0.28902956753426984,
                0.9514684315374256,
                4.504019915189908,
                0.0,
                0.0,
                0.0,
                1.0
            ],
            "unique": true
        },
        {
            "family": "apriltag3_36h11_classic",
            "id": 13,
            "size": 165.1,
            "transform": [
                0.4196961277352773,
                0.8291156649687761,
                0.36935399614380493,
                -7.39471769809232,
                -0.8563750757238686,
                0.49656531356580347,
                -0.1415790204876183,
                5.2820718630867685,
                -0.3007937666291507,
                -0.25688538974935754,
                0.918440529642703,
                5.568135840081517,
                0.0,
                0.0,
                0.0,
                1.0
            ],
            "unique": true
        },
        {
            "family": "apriltag3_36h11_classic",
            "id": 14,
            "size": 165.1,
            "transform": [
                -0.9188201184932387,
                -0.37889511781321034,
                0.11049017852001358,
                -0.4116426884702218,
                0.39374234077808085,
                -0.8992430744116644,
                0.19060131741741976,
                1.678881053462665,
                0.02713961920640428,
                0.2186329865778992,
                0.9754296787823096,
                2.2700317467048143,
                0.0,
                0.0,
                0.0,
                1.0
            ],
            "unique": true
        },
        {
            "family": "apriltag3_36h11_classic",
            "id": 15,
            "size": 165.1,
            "transform": [
                -0.8723730619513341,
                -0.46396551372911704,
                -0.15395207972525254,
                -1.8426002024124033,
                0.467298130307854,
                -0.8839546622542169,
                0.01601912887199055,
                -2.1460818774358863,
                -0.14351898199345592,
                -0.05796686250876478,
                0.9879484524298077,
                2.8376853474141237,
                0.0,
                0.0,
                0.0,
                1.0
            ],
            "unique": true
        },
        {
            "family": "apriltag3_36h11_classic",
            "id": 16,
            "size": 165.1,
            "transform": [
                0.2698518286156695,
                -0.9213838634317455,
                0.2796994222381772,
                -4.141852436675794,
                0.9571136201133343,
                0.22486236524173742,
                -0.1826757643789662,
                -2.9982581560693644,
                0.10542062789761514,
                0.316999515623419,
                0.9425485654904951,
                2.8798444135764294,
                0.0,
                0.0,
                0.0,
                1.0
            ],
            "unique": true
        },
        {
            "family": "apriltag3_36h11_classic",
            "id": 17,
            "size": 165.1,
            "transform": [
                -0.7230176709893577,
                0.5585155633024951,
                0.4065781757374847,
                -5.109257566220814,
                -0.629786871586978,
                -0.7747721907129343,
                -0.055646642976616284,
                1.4720311484132962,
                0.2839259477642219,
                -0.2962911035565805,
                0.9119197542215061,
                2.970646845485425,
                0.0,
                0.0,
                0.0,
                1.0
            ],
            "unique": true
        },
        {
            "family": "apriltag3_36h11_classic",
            "id": 18,
            "size": 165.1,
            "transform": [
                -0.7969819394868556,
                -0.4213588067174229,
                0.4327546003608053,
                -5.225765340831509,
                0.4437561114718751,
                -0.8945350351785928,
                -0.05373624818867588,
                2.3082880643154198,
                0.4097563930717025,
                0.14921067937551835,
                0.8999088128789299,
                3.058589552457566,
                0.0,
                0.0,
                0.0,
                1.0
            ],
            "unique": true
        },
        {
            "family": "apriltag3_36h11_classic",
            "id": 19,
            "size": 165.1,
            "transform": [
                -0.13613896764643574,
                -0.9398384262559468,
                0.31332078453384954,
                -4.492016362384805,
                0.9631254659767369,
                -0.19964242529536413,
                -0.18036695597940738,
                2.06035530018159,
                0.2320679173760461,
                0.277212255419794,
                0.9323614359087443,
                2.8765830781900936,
                0.0,
                0.0,
                0.0,
                1.0
            ],
            "unique": true
        },
        {
            "family": "apriltag3_36h11_classic",
            "id": 20,
            "size": 165.1,
            "transform": [
                0.7288401819929198,
                -0.6061946516151384,
                0.31830807948547024,
                -3.893157587791305,
                0.6722053775715191,
                0.7218814289734903,
                -0.1643993092051274,
                2.20773861752674,
                -0.13012270930340697,
                0.33378922519517096,
                0.9336234967411373,
                2.730396814526374,
                0.0,
                0.0,
                0.0,
                1.0
            ],
            "unique": true
        },
        {
            "family": "apriltag3_36h11_classic",
            "id": 21,
            "size": 165.1,
            "transform": [
                0.9352727059552555,
                0.19148904406845652,
                0.2976523332629581,
                -3.8487512668217505,
                -0.1738896147114014,
                0.9811082701825256,
                -0.0847877589925154,
                1.5020051272949466,
                -0.3082650927215969,
                0.027541027235766492,
                0.9509017427832089,
                2.4766554486677306,
                0.0,
                0.0,
                0.0,
                1.0
            ],
            "unique": true
        },
        {
            "family": "apriltag3_36h11_classic",
            "id": 22,
            "size": 165.1,
            "transform": [
                0.2711424901183662,
                0.8998453178178678,
                0.3417018496491815,
                -4.42338604669719,
                -0.9435913770976851,
                0.3185837843185185,
                -0.09022020525461777,
                1.0016888020653703,
                -0.19004489764080845,
                -0.29796438775557027,
                0.9354678832061221,
                2.6108226797069256,
                0.0,
                0.0,
                0.0,
                1.0
            ],
            "unique": true
        }
    ],
    "type": "frc"
}
