{
    "fiducials": [
        {
            "family": "apriltag3_36h11_classic",
            "id": 1,
            "size": 165.1,
            "transform": [
                -0.7282065469524901,
                -0.685046963536681,
                -0.02063692624165637,
                8.62748177659037,
                0.6850423977873509,
                -0.726628128233582,
                -0.0522348206995817,
                -1.6525320536096872,
                0.02078793422366216,
                -0.052174907847869836,
                0.9984215746776404,
                1.5278091426473654,
                0.0,
                0.0,
                0.0,
                1.0
            ],
            "unique": true
        },
        {
            "family": "apriltag3_36h11_classic",
            "id": 2,
            "size": 165.1,
            "transform": [
                -0.9617098876563495,
                0.23184713794020068,
                -0.14615401675270145,
                8.990358903742946,
                -0.24916072656874216,
                -0.9617444796440515,
                0.11387048875775033,
                1.6892634250461356,
                -0.11416227187537864,
                0.1459262159556329,
                0.9826863768146591,
                2.636457497294519,
                0.0,
                0.0,
                0.0,
                1.0
            ],
            "unique": true
        },
        {
            "family": "apriltag3_36h11_classic",
            "id": 3,
            "size": 165.1,
            "transform": [
                0.1344499259622196,
                0.989573942511736,
                -0.05163942012198011,
                2.7011191610748444,
                -0.9873119099285959,
                0.1293350085984205,
                -0.09212843244078264,
                5.151234672445009,
                -0.08448911126235756,
                0.06337087542891592,
                0.9944072215272121,
                1.8379377030208435,
                0.0,
                0.0,
                0.0,
                1.0
            ],
            "unique": true
        },
        {
            "family": "apriltag3_36h11_classic",
            "id": 4,
            "size": 165.1,
            "transform": [
                0.9741492216266905,
                0.08707477026185081,
                0.20844970229760207,
                0.45778630546931787,
                -0.05050960412873693,
                0.9833231230639691,
                -0.1747123794654532,
                3.353457880542117,
                -0.2201864525688883,
                0.1596672165210133,
                0.9623015671158187,
                2.1930775886043663,
                0.0,
                0.0,
                0.0,
                1.0
            ],
            "unique": true
        },
        {
            "family": "apriltag3_36h11_classic",
            "id": 5,
            "size": 165.1,
            "transform": [
                0.87798994385597,
                -0.3205962239353628,
                0.35545987071141694,
                1.4815691022290327,
                0.3638193771873446,
                0.9295163794201997,
                -0.060288980523607455,
                -1.0368283114430943,
                -0.31107735255206737,
                0.1822563074023776,
                0.9327451523011239,
                1.6304245000606241,
                0.0,
                0.0,
                0.0,
                1.0
            ],
            "unique": true
        },
        {
            "family": "apriltag3_36h11_classic",
            "id": 6,
            "size": 165.1,
            "transform": [
                0.5352639998947505,
                0.8310360703357358,
                -0.15123326425628159,
                5.114246101112075,
                -0.844633540831905,
                0.5246101547235211,
                -0.10666942984155109,
                0.3942603180137869,
                -0.00930763763964508,
                0.1848329931638314,
                0.9827258684494207,
                0.8435264315050088,
                0.0,
                0.0,
                0.0,
                1.0
            ],
            "unique": true
        },
        {
            "family": "apriltag3_36h11_classic",
            "id": 7,
            "size": 165.1,
            "transform": [
                0.9905625181209226,
                -0.1369234398313757,
                -0.006153805219581804,
                5.238666635129105,
                0.13484276833857303,
                0.9815897250055499,
                -0.13527394276178611,
                1.504986747685166,
                0.02456268553572339,
                0.13316750124663562,
                0.9907891254404241,
                0.39055415803459637,
                0.0,
                0.0,
                0.0,
                1.0
            ],
            "unique": true
        },
        {
            "family": "apriltag3_36h11_classic",
            "id": 8,
            "size": 165.1,
            "transform": [
                0.38771497664756127,
                -0.9174689477028216,
                0.08903834502201156,
                4.755870717864882,
                0.9208091771990649,
                0.3810653219651631,
                -0.08306430991447704,
                2.119790242035199,
                0.042279499395838124,
                0.11419260219762219,
                0.9925585592468451,
                0.42830071381903667,
                0.0,
                0.0,
                0.0,
                1.0
            ],
            "unique": true
        },
        {
            "family": "apriltag3_36h11_classic",
            "id": 9,
            "size": 165.1,
            "transform": [
                -0.559530270930541,
                -0.8250382312531065,
                0.07897969918366039,
                3.981755128959083,
                0.8259819495932456,
                -0.5629488129676918,
                -0.02902503961080359,
                1.9379602034798227,
                0.0684082952465357,
                0.04899541763280524,
                0.9964535885792423,
                0.6236690346808016,
                0.0,
                0.0,
                0.0,
                1.0
            ],
            "unique": true
        },
        {
            "family": "apriltag3_36h11_classic",
            "id": 10,
            "size": 165.1,
            "transform": [
                -0.9943295824609069,
                0.10580501977392635,
                0.010676105739372265,
                3.6138912175899964,
                -0.10611784291313887,
                -0.9937371768212584,
                -0.0350060968800822,
                1.1773965839456597,
                0.006905422404283947,
                -0.03594052300613294,
                0.9993300725723528,
                0.683632128112055,
                0.0,
                0.0,
                0.0,
                1.0
            ],
            "unique": true
        },
        {
            "family": "apriltag3_36h11_classic",
            "id": 11,
            "size": 165.1,
            "transform": [
                -0.4522662329639613,
                0.891101728013433,
                -0.037322444347357514,
                4.098764067129652,
                -0.8906372804590519,
                -0.4534498825897222,
                -0.033888621038211324,
                0.45779714268196603,
                -0.04712206677441319,
                0.01791408135631973,
                0.9987284898870498,
                0.6855541247990982,
                0.0,
                0.0,
                0.0,
                1.0
            ],
            "unique": true
        },
        {
            "family": "apriltag3_36h11_classic",
            "id": 12,
            "size": 165.1,
            "transform": [
                0.3699435618397636,
                -0.929051569822271,
                0.002222985398885969,
                -7.839406581218451,
                0.9290478727078189,
                0.3699311204603538,
                -0.0045843573185755946,
                -3.675695991977828,
                0.003436752884071976,
                0.003761213331075596,
                0.9999870209177177,
                1.4623929870715404,
                0.0,
                0.0,
                0.0,
                1.0
            ],
            "unique": true
        },
        {
            "family": "apriltag3_36h11_classic",
            "id": 13,
            "size": 165.1,
            "transform": [
                0.587785252292473,
                0.8090169943749475,
                -0.0,
                -7.922845999999999,
                -0.8090169943749475,
                0.587785252292473,
                0.0,
                3.3704799999999997,
                0.0,
                0.0,
                1.0,
                1.4859,
                0.0,
                0.0,
                0.0,
                1.0
            ],
            "unique": true
        },
        {
            "family": "apriltag3_36h11_classic",
            "id": 14,
            "size": 165.1,
            "transform": [
                -0.9946351579278225,
                0.10344485210759834,
                -0.0002553161444586293,
                -0.6541343614453989,
                -0.10142198537643964,
                -0.9746933529282273,
                0.19921457938572765,
                3.0178048498240857,
                0.02035886775333491,
                0.1981717192991175,
                0.97995585929869,
                2.635481849124516,
                0.0,
                0.0,
                0.0,
                1.0
            ],
            "unique": true
        },
        {
            "family": "apriltag3_36h11_classic",
            "id": 15,
            "size": 165.1,
            "transform": [
                -0.8660254037844388,
                -1.224646799147353e-16,
                -0.4999999999999999,
                -0.501728,
                1.0605752387249067e-16,
                -1.0,
                6.123233995736765e-17,
                -2.1110939999999996,
                -0.4999999999999999,
                1.232595164407831e-32,
                0.8660254037844387,
                1.8679160000000001,
                0.0,
                0.0,
                0.0,
                1.0
            ],
            "unique": true
        },
        {
            "family": "apriltag3_36h11_classic",
            "id": 16,
            "size": 165.1,
            "transform": [
                -0.12183014253843405,
                -0.991225820840161,
                -0.05127171216971695,
                -2.5340106685440915,
                0.9910896562938685,
                -0.12429040189922125,
                0.047887254912262624,
                -4.146438734072397,
                -0.053839665269824845,
                -0.04498075250014765,
                0.9975359754656238,
                1.3398669137852792,
                0.0,
                0.0,
                0.0,
                1.0
            ],
            "unique": true
        },
        {
            "family": "apriltag3_36h11_classic",
            "id": 17,
            "size": 165.1,
            "transform": [
                -0.45108041785465636,
                0.8912800368584658,
                -0.04632874405423622,
                -4.557939364422362,
                -0.8923673739855843,
                -0.45125041907525,
                0.007316360467184872,
                -0.8446641177422323,
                -0.014384939142841686,
                0.044642526608442035,
                0.9988994535707142,
                0.10209220135536246,
                0.0,
                0.0,
                0.0,
                1.0
            ],
            "unique": true
        },
        {
            "family": "apriltag3_36h11_classic",
            "id": 18,
            "size": 165.1,
            "transform": [
                -0.9986079747483607,
                0.03552829747450343,
                -0.03898529014309384,
                -5.043884888496229,
                -0.03579964930737555,
                -0.9993392282488827,
                0.006284265462014779,
                -0.12946745198892762,
                -0.038736260511914956,
                0.007671177321072691,
                0.9992200233982812,
                0.09061240022101513,
                0.0,
                0.0,
                0.0,
                1.0
            ],
            "unique": true
        },
        {
            "family": "apriltag3_36h11_classic",
            "id": 19,
            "size": 165.1,
            "transform": [
                -0.522519797753805,
                -0.8519586121046175,
                -0.03375772824252961,
                -4.601388593897181,
                0.8523324324950202,
                -0.5229705381204295,
                0.0055893447871809485,
                0.5631858204591929,
                -0.022416187732179797,
                -0.025852263320687033,
                0.9994144160500956,
                0.11000590733537585,
                0.0,
                0.0,
                0.0,
                1.0
            ],
            "unique": true
        },
        {
            "family": "apriltag3_36h11_classic",
            "id": 20,
            "size": 165.1,
            "transform": [
                0.48040069502295124,
                -0.876697526869471,
                -0.02483180626573844,
                -3.806305656759326,
                0.87677917918956,
                0.48076271885675204,
                -0.011201745272302546,
                0.5820581801748581,
                0.021758749071289978,
                -0.016390684501184107,
                0.9996288822860389,
                0.213999093310957,
                0.0,
                0.0,
                0.0,
                1.0
            ],
            "unique": true
        },
        {
            "family": "apriltag3_36h11_classic",
            "id": 21,
            "size": 165.1,
            "transform": [
                0.9899028374566725,
                -0.13225050480563738,
                -0.051011531773537025,
                -3.6817892472934535,
                0.13349936464447476,
                0.9908071120079021,
                0.021890327409205636,
                -0.10037728951952829,
                0.04764758162540943,
                -0.02847930429653687,
                0.998458129914337,
                0.22977633404445186,
                0.0,
                0.0,
                0.0,
                1.0
            ],
            "unique": true
        },
        {
            "family": "apriltag3_36h11_classic",
            "id": 22,
            "size": 165.1,
            "transform": [
                -0.8660254037844388,
                -1.224646799147353e-16,
                -0.4999999999999999,
                -0.501728,
                1.0605752387249067e-16,
                -1.0,
                6.123233995736765e-17,
                -2.1110939999999996,
                -0.4999999999999999,
                1.232595164407831e-32,
                0.8660254037844387,
                1.8679160000000001,
                0.0,
                0.0,
                0.0,
                1.0
            ],
            "unique": true
        }
    ],
    "type": "frc"
}
